Ne2 atom	Diameter hull	Polar residues	Smallest size	Nlys atom	Ntrp atom	Aromatic residues	Volume hull	Otyr atom	Nb RES	Surface hull	Ooh atom	Hydrophobic kyte	Radius cylinder	Aliphatic residues	Nd1 atom	Hydrophobic residues	Score Drugg	Confidence
pocket8_atm	0.0	18.872232	0.416666666667	5.724239	0.04	0.0	0.0833333333333	486.471277	0.04	12	391.758295	0.0	0.383333333333	9.349006	0.333333333333	0.0	0.833333333333	0.900725971429	0.0468278193435
pocket2_atm	0.0526315789474	17.230369	0.555555555556	8.576467	0.0	0.0	0.277777777778	655.460718	0.0	18	413.675235	0.0	0.127777777778	8.394654	0.222222222222	0.0	0.833333333333	0.8984848	0.0558422565137
pocket5_atm	0.0	12.531207	0.5	8.377992	0.04	0.04	0.3	400.400027	0.0	10	304.361683	0.04	-0.01	5.873721	0.2	0.0	0.7	0.860460985714	0.074471929824
pocket1_atm	0.0	15.296399	0.615384615385	7.252607	0.0277777777778	0.0	0.153846153846	588.424933	0.0	13	399.004236	0.0277777777778	-0.1	7.676286	0.230769230769	0.0	0.615384615385	0.744045228571	0.0246575098603
pocket0_atm	0.0	19.846914	0.444444444444	7.913461	0.030303030303	0.0	0.0555555555556	767.884815	0.0	18	498.612718	0.0	-0.155555555556	9.432055	0.166666666667	0.0	0.666666666667	0.6407693	0.0348207051072
pocket4_atm	0.0	11.880149	0.583333333333	7.317134	0.0	0.0	0.25	388.796761	0.0	12	291.967092	0.0	-0.616666666667	6.000232	0.166666666667	0.0	0.5	0.543278714286	0.0946216210322
pocket7_atm	0.0	16.633914	0.636363636364	6.133045	0.0	0.0	0.0	494.674046	0.0	11	374.605050	0.0	-0.354545454545	8.006631	0.181818181818	0.0	0.636363636364	0.425754214286	0.0891758991912
pocket3_atm	0.0	12.640518	0.714285714286	5.647099	0.0833333333333	0.0	0.285714285714	272.257327	0.0416666666667	7	238.277867	0.0416666666667	-1.32857142857	6.272947	0.142857142857	0.0	0.857142857143	0.272827057143	0.0440064867318
pocket6_atm	0.0	15.699890	0.636363636364	6.084785	0.0434782608696	0.0	0.0	376.119590	0.0	11	307.602126	0.0434782608696	-0.672727272727	7.509024	0.181818181818	0.0	0.727272727273	0.251151385714	0.0742209586372
